139
144
131
151
180
199
198
185
112
146
119
145
102
116
141
132
192
134
108
115
187
188
162
127
143
134
132
150
153
154
138
145
191
153
173
195
177
135
195
100
113
163
140
191
107
105
135
170
191
124
121
172
131
111
106
115
147
111
106
105
162
148
167
142
135
148
116
170
174
141
118
118
166
131
133
171
117
138
152
104
152
150
184
140
136
107
191
121
128
118
148
121
158
120
171
121
192
120
113
103
120
120
198
138
163
129
191
138
150
155
110
166
153
115
117
165
131
172
175
162
101
110
129
113
179
175
160
146
199
110
182
100
157
191
169
166
174
152
165
162
186
128
198
140
122
106
100
108
171
193
130
191
177
127
144
112
165
130
100
158
193
149
131
183
115
144
123
127
199
178
154
180
186
118
156
195
164
196
112
195
156
160
142
158
193
134
120
187
165
162
183
109
194
103
187
150
125
124
102
118
193
163
